1014273
1016321
1010691
1016837
1016326
1010695
1012742
1006605
52247
1001496
1016859
1014300
10274
1012260
1015845
1012266
51756
1015853
16430
1008185
1001471
2108
17473
1013827
1010755
1007689
1014860
1015885
1012306
1014357
7254
1015895
1006165
1114
1015898
1012324
1014374
1015400
1002090
1011307
1012332
1004025
1002094
1011310
1010800
1008241
1009262
1005171
1016438
1015927
1015930
6782
1012864
1012871
1015947
652
34960
1006743
60575
54953
1011889
7346
1006261
1008821
2231
1012409
1011899
7361
62155
1006286
1012432
1012435
1005780
1016534
11479
1012441
1012442
1013979
1013469
1012446
1010398
55521
1012451
1016552
60649
1008364
1010926
1016559
1014001
1010422
1012470
1017082
1014523
20731
1010939
1015039
1008902
61704
1016584
1012490
10507
1014540
1009933
6414
1017100
50448
1012498
1017107
1016596
1013013
1008404
1012504
1008921
1013016
1015579
1014043
1013017
1015577
1012000
1014562
1016610
1010980
32038
6439
1012521
17708
1017132
1012014
1016115
1015604
1016629
1015094
1014587
1016637
1006398
1004862
1344
1012037
1016137
1016138
1016651
1012556
1012554
1015130
50525
1009502
1007965
1013088
1012065
1016679
1012587
1005931
1017197
1006959
1017201
1011579
1011711
1007997
1014656
1005955
1012617
1016203
1014668
1012619
1008017
1009554
1015700
1016724
1012633
7578
1012123
28572
1011101
1007514
1012639
1011104
1012129
1011618
7072
1007528
1012649
1001389
1006510
1014193
7606
1014199
1013698
1008578
1015748
1009613
1014221
1013201
7634
1008085
1012695
1012696
1010647
54746
1015261
1011172
1010668
1016814
50161
1012722
1015284
1012724
1015801
1014266
1008123
55804
1008125
50686
1008127
