1014273
1016321
1010691
1016326
1010695
1012742
1013260
1016332
52247
1001496
1014300
1012260
1013798
1012266
51756
1015853
16430
1008185
2108
17473
1010755
1014341
62025
1007689
13900
1015885
1014860
1015377
6738
1012306
1014357
7254
1015895
1006165
1014361
1015898
1012324
1014374
1015400
1002090
1011307
1012332
1002094
1011310
1010800
1008241
1009262
1005171
1016438
1015927
1015930
1012864
1007744
1012871
7306
1015947
1009806
34960
1012371
1006743
51868
60575
54953
1011370
1011889
7346
1008821
2231
1012409
1007293
7361
62155
1006286
1012432
1012435
1005780
1016534
11479
1012441
1012442
1013979
1013469
1012446
1010398
55521
1012451
1016552
60649
1016559
1014001
1010422
1014523
20731
1010939
1015039
1012999
61704
1016584
1012490
10507
1016588
6414
50448
1012498
1016596
1013013
1015060
1008404
1012504
1015577
1013016
1015579
1013017
21789
1012000
1016610
1014562
1010980
32038
6439
1012521
17708
1012013
1012014
1016115
1015604
1016629
1015094
61747
1014587
1004862
1344
1012037
1016137
1016138
1016651
1012554
1012556
1015130
50525
1009502
1007965
1013088
1016679
1012587
1005931
1006959
1014640
1011579
1011711
1007997
1006463
1014656
1005955
1012617
1016203
1014668
1012619
1015696
1008017
1015700
1016724
1012628
1012633
7578
1012639
1011104
1003425
1011618
1012129
7072
1007528
1012649
1001389
1006510
7606
1014199
1015227
62911
1015232
1013698
1010626
1015748
1008578
1009613
1014221
1013201
1012695
1012696
54746
1012194
1011172
1014761
1010668
50161
1012722
61427
1014260
1012724
1015801
1014266
1008123
55804
1008125
50686
1008127
