1014273
1016321
1010691
1016837
1017862
1010695
1016326
1012742
1006605
1008146
1017364
52247
1001496
1016859
1014300
10274
1012260
1015846
1013798
1005096
1012266
51756
16430
7215
1008185
1016890
1001471
1017855
2108
53310
1017407
1017406
17473
1013827
1010755
1016903
1007689
1014860
1015885
1017935
6738
1012306
1014357
7254
1015895
1013335
1006165
1015898
7772
1012324
1014374
1017959
1015400
1017960
1002090
1011307
1012332
1004025
1002094
1011310
1010800
1008241
1009262
1005171
1011317
1016438
1015927
1017464
1017463
1015930
6782
1017471
1012871
7306
652
1009806
34960
1006743
1017496
1017497
51868
54953
6831
1011889
7346
1006261
1008821
2231
1012409
1011899
7361
62155
1012428
1012432
1012435
1005780
1016534
1013979
1013469
1010398
55521
1017570
1012451
6373
1016552
60649
1008364
1010926
1016559
1014001
1017587
33013
1010422
1017082
20731
1010939
1015039
1008902
61704
1016584
1012490
10507
1017100
1009933
27918
6414
1012498
1017107
1016596
1013013
1017106
1008404
1012504
1015577
1013017
1015579
1014043
1012000
1012514
1014562
64803
32038
6439
1002793
17708
1017132
1012013
1012014
1016115
1015604
1015094
1006398
1004862
1344
1003332
1012037
1016137
1012554
1016651
1012556
54107
1011548
50525
1009502
1013088
1012065
1008486
1016679
1005931
1017197
1006959
1017201
1017717
1011579
1011711
1007997
1014656
1005955
1003396
1012617
1016203
1014668
1012619
1015696
1008017
1009554
1015700
1016724
1012633
7578
1012123
28572
1011101
7582
1012639
1011104
1003425
1011618
1007514
7072
1007528
1012649
1001389
1006510
1017267
7606
1014199
1008569
1008578
1015748
1014221
7634
1008085
1012695
1012696
1010647
1011172
1017316
1010668
1016814
50161
1012722
61427
1015284
1015801
1014266
1008123
55804
50686
1008127
