1014273
1016321
1010691
1016837
1016326
1010695
1012742
1016332
1006605
1017337
1008146
1017364
52247
1001496
1016859
1014300
10274
1012260
1005096
1012266
51756
1015853
16430
1008185
1016890
1001471
2108
1017406
1017407
53310
17473
1013827
1010755
1007689
1014860
1015885
1015377
6738
1012306
1014357
7254
1015895
1006165
1014361
1114
1015898
1012324
1014374
1015400
1002090
1011307
1012332
1004025
1002094
1011310
1010800
1008241
1009262
1005171
1011317
1016438
1017463
1017464
1015930
6782
1017471
1012871
652
34960
1006743
1017496
1017497
51868
60575
54953
1011889
7346
1006261
2231
1012409
1011899
7361
62155
1006286
1012432
1012435
1005780
1016534
11479
1012441
1012442
1013979
1013469
1010398
55521
1017570
1012451
1017572
6373
1016552
1000169
60649
1010926
1016559
1014001
1017587
33013
1010422
1012470
1017082
20731
1010939
1015039
1008902
61704
1016584
1012490
10507
1017100
1009933
6414
50448
1012498
1017107
1016596
1013013
1017106
1008404
1012504
1015577
1008921
1015579
1013017
1012000
1014562
1010980
32038
6439
1002793
17708
1017132
1012014
1012013
1016115
1015604
1016629
1015094
1014587
1006398
1004862
1344
1003332
1012037
1012038
1016137
1016138
1016651
1012554
1012556
54107
50525
1009502
1007965
1013088
1012065
1008486
1016679
1012587
1005931
1017197
1006959
1017201
1011579
1011711
1014656
1005955
1012617
1016203
1014668
1012619
1008017
1009554
1015700
1016724
1012633
7578
1012123
1007514
1011101
1012639
1011104
1003425
1011618
1010082
7072
1007528
1012649
1001389
1014193
7606
1014199
1008569
1013698
1008578
1015748
1009613
1014221
7634
1008085
1012695
1012696
54746
1012194
1017316
1011172
1010668
1016814
50161
1012722
61427
1012724
1015284
1015801
1014266
55804
50686
1008127
